$ANSIBLE_VAULT;1.1;AES256
36656565663637396165616337363235366465353038626537643133303266633632353934643061
3831333532616531353166653730396466636539616563340a396134663536396365643836303031
31356162306365643461393534643062366134376637373231326436383863663238656261386638
3130623432346363320a383836373361636664366366353364373934623832333663613864616266
63333266346533613338623163353133376134363238653962646562343962313961623439646137
66636264323832386233373666353064666265333966343530306163313361653537363634316136
31633130313135643966646334373231613966613933373135343064626238326362393439666438
36396536356565373034613066376638333165613766393335343065373034303732343634326463
30373034323234363761323261376638373033376130393965313263313735373735353935633165
30343836383564393830333834663538366465353639366161346235353833393363626266346164
35613762646139336662626634336437366237656531636333626263313832313635343036393063
33323533343133376431613661636666303232666235353062316237363165383439306232366162
62623564363061363162663163343433623562356664656563613231623833383135393661313431
32363639303130396166613066663964326636346131373264613036326135653632366335356235
63623361393463613239643536396536306338666135363931346132383361643764643862373037
39386164346139396261666333353965333230666130613765396333646565333836336238353236
38643438646332343939376661663731363630663464333130643236643530346339306234306432
36306537323533623161373333323935666561313362353734636630613566386365303939666630
34613265303264623130323637343830396566666530643434313034643435636635666465663430
39376237656666393564646233373766643136336463386331306634663064313439353362396238
62376631343130616339666462633332396561633935366131346563613233626634633961613961
64393436646536643839353064653735333131623861313061313833666161383136633030653237
38616130636136616137663635646163333635346336613963303366643236346163653434376666
34353634386435373761623065653630326533313138333861643232353230373061386336656332
35306664663734356164666265333131333363333530666637663866333264343731363131316134
66663037613335373434343062356237376133366433326162303266633665366433363165616432
63363638656633383438323031303564653832326239366235666465616632626364306637616434
35326230336436336334653230616334313035323264353261366466336363656632633730633634
31626532363832356335356439656636396361373035663236303432656337613063396434373761
37386131353938643630353633313561323463326236376535316563386135353436343630663339
65323165613638356537336332373737356435336134626436653134656232653762366263363465
32623665633130633534663132366639636563313765623934386531356564363363653732333766
63663334636435653333356239666239366535653161356162383938386162333865663564346636
34303731373430333366333766316564346566643837376331633033353134663766386562386563
65613830626237613662316332366366393066343261383064376638613065356532336332666630
66343530386566323237613638646639393064366165663266623264366335383834336361396336
65633535383731636634383863646465353935303966393465663735356136353466316533653763
33303735376163316636353864333732623263663639646333393066383034663638626661383530
61656139373533666237613664643136376536633830636563633732313733333063356132386231
62666536663562326566663939343434316639343261613733363834356462383934623232313232
66303365386332333364393430323834363137303936336139356262333134613633343234303765
66383365363364636363646362616364663138633864666166326639313163353936653462393336
32646631323136393735323832613136636437383863353733666162323936356330393135343033
66653663653434386665626635306666393337333262346662333233306436343063393263326435
39626430383834343834306562326361393331343362313239393137633262323535303333623538
33323633616531373234373433636533316363343032636165633938363531633031393266313837
39616539376138303562643563323866396434363965633666393562616134323964666361353163
65303932653838623731336330313332346439623534333733333033366638393133386363633433
64646330663237613862383639326331386131636537356334656466343235396233613534323462
65643130666336363266323337343837666261333139303864353235363635666663306565306564
39626566373238353237636134643863353365393435633234383134363634666465343661326565
30633338313039653461633166616363653065393932326364663733363862336565636236346438
39303930316334343930663064366663373764653566633564363833303865393462376436313565
62626234643338393339353832323465386132653062636635373432653730323834626561336663
61633764393831633339316564656538333736316265663361303532333236373536363534323065
32643966616535663764663136383535306365343437656634653266356534306166633236373930
36333334363263346563666562393832346139323034623362363761626238326466653035643332
38393138633066386630623835326537313436356232383265633739323063646362643130393632
34653339353466633237313736663363343235653437383636663732653964616339653438383738
32306564383363343762643666646164316238643831353463613963396664336238666464386632
64656663386130646239393161646462393636383033313430303535373733313338353635336562
39306362633232636334316462343764353436383662616130646161363164326335303839616430
62306233366666363831646134356531393362643037643338633632386334396561386337656332
62333862303163653562623765643166366330646663633637306236303361646539343766333864
66636266313737643938646263356565313338633661323264646239363265663232333631393932
65643164376162336233393335623736393261666265663234643634306262643631356239396230
30623932623833616363356131653861343238653237663032383331653336306533373139636130
31316261383937353564613439303464623236383835313032346162306134386435666636306331
38333066336462616531343837666235623865363264613462346365326338626566326566613232
30323266623266353437663664343637373437663237656561376434623666343633613266656238
38653832653861366131333235353063373963626438303064333030346566303164303332623262
61656564363937363263373135613263626238373736353937653962316337393236333262303365
39333338343365613439383565306164643936326434376137373036366132326536383066366237
37363463643561373136316438323337646366616132623032353538356638643232323064636138
36633236623661663233336631393036333461386139353437346565363861356661376162633234
36666631653930633963376432303063663830616561663138383838333733333538303230646435
65373261356566633164656231303934373061336263663939303065383139656161616638623332
33646636653262633035643332313766663165363537333964666635353437303439326361313937
31376239663666343031663831306530663262363038393065386136393330643336313439653764
64303766613238376266363433663362633038306533333938353433623633653063313530333730
32326331363936313930376432653231326139323735653166643063653666333738396232306665
32386463306431616263393466353837613931363339386535613861393230326365656438623739
33633361653261383464306332616664323761373330303365626163643061303562393862636531
36643235353636636264376464643230626665363130356639353330636361316433343934336336
34363630613530333630656166356435653534633666646366306334333531633165643937336131
63386335376433643363303366363839373236353533663265393939343636356535653432383635
63656235363564306531616563623165373231333866626531303030356238613166353462653264
65323262343035656438643363303235643632373537643438316436366131613037333361336364
62316133303537373862663864313662393930303665363039373165373961343237613233323737
64386334663135353835643765613432303563653461363230653133666433376237653832613638
33636166646563343765326334343864363239373633656136313134353036386235623863643462
62396134353430376137396364386539323430666234396165643832396161306637326234623736
30396133646333613934393663643538643336643265643365633030386237303234656133333631
65396437343636333564313761306239643364343332333039376334353838616634613734373663
61656237313131346632656538666364636530343834313233656633356332633563666364303330
31326437393835313038646436326463633135313565616564343634626534383435393936636135
31363630373032376434356537316535313962383330333231363832653565666563343930333164
63666338303039396363373562393664646537373666343362656234366663633062316537613636
30333535356163323330643433666431333665373464356131356533376433653539653535393535
34666233633631393666326635663363323666623639646662656461653834323730383530303865
39313262353539363330346630613366353035366464316162383564373439303438346136356335
35343761323139353530623532326135313764643830313832386161393937663537326366353739
62353238366261663738383863316238346235313332383530343337326233353032623061366138
62303266343736343063393666646563633935613663366465303939353766366364336564336262
33613530653736623065396366316330633236303831663539373932373364383663376562393466
62366238353362636433363663306532626661666437646361643731646565303439373039386461
64663538656231663637623634313736623565373439363331343231353033333838366232353231
31346438313561636465383365336361373164656365393839323165333332626230613662383134
36666338333064643039616566646334623431653730666138633238613631613036623564616666
63303532643538633130636339353839656336383935613332386366343534303431343634623862
39613433306266343731663731316339323530363063613662303735356434336666353437633331
39646337303138663931336339633031393834613261346239356562616633313765313534393565
34396362373461376133333434626334343831306433666239363663636238633635386263373165
39656538663162333232343462303738653731356538666238333361373433346536353236333739
35656566643265346633323362613664653062353564616266376639386531343539383266326338
30633963316138633939313335363939363533366561616461336366646464336234633535353831
38353261663931666462653736623139386663333261626666656531623338663838373432346435
36653531396661656630393461393835323730636233303165366633353732333863346131383936
36663664366662343165343163373466346438326532633737356366373638643863663065613930
38326237356434373332376438316131633031316238316664303531383566343435363062343362
64366237366664633939323564396262653932363337396130393034316438353332663230346533
61613666383264656337343134316430386234646233623964306534393539306237616330353239
39643632316462383532623265656663393564633462366661626164643839323036643064373632
61306631323864623565386332353662653233306431396430646137616562653639376334356636
39626637616234323531343761663032376161356633646233643238623731366337393131623831
38663464336636336563396333346232393732336133383631623265666261376664613333316437
65346333356463336637313339653630396237323166353261346638376238663361633661393839
30653837333262393633656162303063343663383438656666373230326336316331383563363939
30326661306239376162633762393366383733306565633065653835623133316230653461616137
66656461643535363363356566656331313233363831396630313633326433326232313561386338
66373064636332616662323431613063663365316339396565393030636330333937323234313431
32353733343933366564313336366333626364643439633361643539646534393735366563623266
65653139633633373262346630303133356534336132646663316566316563623133633235346139
32316538366536653032336466643736633039663035313037663566306131653139633064353564
65323964636233313331623035383934373230396335303464346664646234323031353964643738
62346335333237613937333736336163386434386464353839643036656133386637626539616131
31663634633834343466626538636163356461373534376365613931376133333661306532636466
33343836396364333737646130303462306632626638666637326534643535626537356539623862
30326537373531393838386663613739643036373834383164326235646261303936306263393732
61613232333532356434616234323230346635376339343733393764363737373562376435363864
64313732353965313664383539653336353033326138306164366134323034643165666130353730
35663834626162633038363337633561623264316264653965383836353764363432613431353136
62646238653336306264373630363362343630333034373633373433616135303935393165326533
63376337636566626438393234303361373334373264323837363330633265313266336538383161
61333064653135386538376437333461323439623666643834626363653363656465363663653662
36656337633865316632633435373233373263346262656533373639663536356437623235366166
30316534333465396362346131633766623833333435343831353730623962323732323861373261
66356662646130373663356166623636666661626533646661626530313130386431663137313166
38613462306239323938336431303139643630353466653861353737356263636232386438616432
31326130636238613132633835643464353965643930323034373363626266383864653561313664
66396431356238336532636436666561393731613861323964633031316232636134366462363730
30366464343933343862633265313130313335323161663738303838313231626362323135323133
33643562363539336535376234306538333036616231666136373162323432303236656662323835
33646339663163643933643961383365326337323865326365383438636139663761626635363266
30333739343664326231656462326239363534613965373535636230613431616133373861386166
63373839326434396162636466343033376139353435333238656432353365363064306439383337
34613230366465643634646237376564623039353938353033636338383565663037623666346534
39303933363864306162616233373031343431323762633539313666613835646364373635613734
65386565656463656365383234626462656534336331333364656537626162396335313537393034
35363434623138666333363734346564396665636236353465373661306239363331373666383438
64653133303063326365366663653637313534643331316230626661386361373932396162666662
33646266316162383165323435653965343837323462396566373330373634663635646661626565
61613965653362303335313539663932316263303530623663346563636636386530646336653335
30366435643866373330383565663465356463663362653162353834303766336663646163396466
38643362666530643733656335626335373933326337313330663936616434646665613737343132
65663661393531303133336261613964316131363761613538373661626431326265316636643435
65656165653434666663366431346337326631613163656262326439323766373030346434313834
36333564303638653430
