$ANSIBLE_VAULT;1.1;AES256
66363939393064383162336564323335326164303062366464393665303035343131613166303661
6136303862636434353734626634666662363766616566340a336537636239343838383065396637
64633131376638353131653164313739366166613039626561353532393833613539363565336366
6564393462613839640a303663656564376465303131393433376364323932396331613966646337
34393439326534633934356666613832333939353564346263616635613232313166313861626137
31346133643331343564653132633035346139633433393966326537343731323331303637653137
36623233616663393835346166616135306436366231666638316333323763366533383435393233
33643064626363613532623166636562636366653532353662643536366334323364623665373033
35653336643631636331333239343734306166363737623631613430313662643739306166313964
63323139373233353730376237336534323933353762636536633634666131326130633166646530
64643338636333663766326634653736623838646135663166333862333562386338613239643537
62346334326636393033356532643264313733373835306365363930646530623834623332336134
32633032336365343663363736666562613863636136353465616263393630393962326632336238
63393439613332643130343063393533366634343937333032633064303365386333623765373561
65316664343336333263313736363538663333646265376330333561343435306532653031626264
61303839363661316665333433313537346263323161623364326432633563666533633637343235
30303938666530643066366465356362656332616664353265393066353338316532353534353263
64366433343661633265616639663934383166393736393934303964656432653539383532613837
63306239346364386231656239313037356265343261373061356433636162323162313731663864
36383832646234363539323936353163323564353033646635313033373937623066356538386333
65376261306363613139363934383364663364613564666232373130343135356164356433656665
63646437623331643531343862346437323534633535316434363833386665313164613930653565
35613330306439636264373235643234663135303634616666303066346264613766333031656463
37393237376430346539643835643230383034656662333235346437383463313661306330353564
39613237353035343633626132643466346564333964393932336535666435656630653234393537
36643462363265343832643534366164613632383439656565616538623832356566386161306564
31666434636330303635616362323465646565373533613432336465653634663065393931646237
63303366323536633865636263386539643062336338633962393932633131636135616562616664
34613361356230626238353533363133646136653566346463643262633138376631316361303533
38613039633834623936646263333037636131316433303864346362366230656462643065353334
35363732643932646132343134343266653564653362626132336232346263656637316635386336
63363438396135383239643339663436613138393134323939663064626565363362326362356665
33323632663137356462613566353134383464353834623039663864613864623561303334356336
31326265313961316435653934323731653235343335366466343635346133316363383430316132
35393834383065393963643964326131623531323130616161643135376561306433643661353239
61636566383165636334666437386336353036316361303634333131303764363135653039313432
30613532366264343536346534343939363761623633656437613732616132353461396663356130
63616132636237633039326161626266666133633532306338616566356166376133363235393739
36623439303530316264343066346266363361343938393037393730663863313262306263616563
65373831356464336631
