$ANSIBLE_VAULT;1.1;AES256
66343235616438343362616434336366626162343465383863336230316366663264633266363631
3830613630663331633265303235353832666561353630340a306665356162663739623834653031
31646134393136613437353431303934623466316430323863623338303739636339323862613230
6335303034666366320a646439643033343163306235666135613464643434363166646239653734
38316564653030376636343837666665303638376461346365396632373966613332303166393666
30373933333231666435313035626363306365383965613138326133376362373637383362623630
31303065373066323065363664623562326561356331636162633237326231376562356364656236
65323866363564633231636365313239636534643833666539646536313835666230353135373162
31323036363237623634323466323637663537306537396234333236616637306266363539336264
30386532346333386538386530646230626633383831346134663362643736306461323139623932
37333031653465643738323661353162333261633134323262663831336563353966386234646532
61653363313139373666616464323933373336636536616134396466366636393264336638323663
34336264643235363633373236663263363364373961633638393861376162623930366461663337
63626433623761376166303438373631323536356232613539343532346631326236616233663936
37303365613562363965323238666538633930636433396664383931613038333861316335623339
65663962663531353530636639656533396132373030373439316338326437356536393239636336
33303962396330616631613865353036623333653261623937626438383865623739613665396338
34346535376362363362623636363936396334663733343530326533353038356363653066613036
30303233353466356666373764356635616632343662356637323366383435633063623934663931
35366336393237333438336135623636336331343834363766626664626330633338653238636561
62343266383134343337333633663034323737326339633862646165353437326537373063656337
37373139303732656630633037353764333138656265336461663637316233326130306536346161
63323239626362613637613363343733386566336466666162393231653561393434383031316238
33653366353533373233333035613164303434393664633830346338366336626563346664326364
66326334646639633364663163393739363933323737653063326530613530366363333766323235
66666634373732613533663033343737663532373231646636336633356361326234623631336166
65656266643636613335353539633734386662623338666165376661393538663538316361666335
35386631393030366561633932613734613230613561613566633939386266376266653636333930
61326436636239313234333132346531383064653139643665643365346334656561613633333861
64653736303836336633343264323534373365646332383161333062643364333438636662666165
62656234316639343138353533626663346532323764646663646332373538363265303433633337
64666463323634633531656431333564303065393232323535616163343937383035666365656533
62366163366137393162373636343338323766336335303263396633326333363532373163633265
30383033393132646533333536613838663733643263326533363039636435646664616434356331
63333330343362636335356239363662643431376336663731346466613831376162393662393731
64616130346464633263646663383630623734383130633534663833396231336264616132643230
31626633396134373433633837323333616533373339396136346139396333343132653966356363
63333161613364353265303862623136646161303833343834386633326461313132666166313336
36363939626536623436623635356163623532393263333164616135316232393864356536363763
34646639666336666138396166363133663465653031333336376166626631363862316133626465
34656263626332626164663630313563353333303932313264366336386234333531653039396231
61383238306536333236313766626561636462373436383438636430383938346330356130623230
37626330386334303037396338636566363537663031383634393838343264656533383236346364
37326137383363666164353330303961666532626132396239656566346562373534656132633535
32616133653939323763613539373336373236643838303432653934373938316465323036333737
35666231633732633163613531393835396363656137306432316264313966646337363261356437
65633438393636303464663732343661643834613637323035353337393938336131633066393235
61666163326530613833336165356561623530633936393034346134653966663636393764666263
64366438643430333931343031346664316139306663666432353062303461353562373831333761
65653536393564643537323531626163393639653438343066376364356365383931616661373531
63333036383732613138636364653666663231336636313565613262616434326366636364316637
37636162326630383931663638636463366539323131363536336431616636613138396138343462
64323034303366356634656664313864383263313835363665663764316631303965343232616164
33353930373039353137393066383832646665323634646137616161653762663061386334343735
35336365383066656130633434383061346336643038613565613063303936336633313339343136
36626363656138373234333937383761313666646162633734396263666432373938306439643034
31616531383536636238366632356335366237326130336162353535356661636133303063303165
63343335376231396666633730323164663433303338323538396233343632653039383033633665
37396361666363373937626464306130393537346138383136656135313563666334666361363136
66663238656563356161616161653065653937373837393036326438313139633161343538383863
39363930353137646532653861636361303262383136306232623836343235363935363264323031
64656539633030623933356635653964303736626336636239636235323632646231303566653331
39366366313031643830633335386533323066643733663838336238383863663064313334363235
39396335326339643463366338393436643634373365333966353565303432306564616435623036
32343565613561653831613433343732663639306131633538393031653631333632353137323664
63383731333565376432346136613062663034373137313530353239373232383331386434616435
38626563643364353739663235363639343236653733356238623466616130613564623032616434
39303331356532626237373362386464666664353837646437663638633439643633393162383330
66346330316566393630633930613461306539343731326466616530363765316364
